0 203 402 61 271 273 309 299 143 126 141 118 200 91 216 237 49 185 107 203 
203 0 221 258 216 236 220 235 321 293 220 318 169 218 191 216 222 378 97 15 
402 221 0 463 404 429 386 414 535 452 350 504 252 437 398 420 404 587 308 213 
61 258 463 0 288 284 331 314 86 135 187 85 258 85 232 247 86 124 161 260 
271 216 404 288 0 26 50 27 293 397 376 372 367 204 56 45 317 358 212 230 
273 236 429 284 26 0 70 37 282 399 385 369 383 199 58 37 320 346 224 250 
309 220 386 331 50 70 0 36 341 434 403 415 382 249 101 95 353 407 237 235 
299 235 414 314 27 37 36 0 317 424 402 399 391 230 83 69 344 382 238 249 
143 321 535 86 293 282 341 317 0 207 272 131 343 107 241 248 171 66 227 326 
126 293 452 135 397 399 434 424 207 0 107 85 206 210 343 363 81 210 211 288 
141 220 350 187 376 385 403 402 272 107 0 179 100 230 327 352 101 295 166 211 
118 318 504 85 372 369 415 399 131 85 179 0 272 170 317 332 101 125 224 316 
200 169 252 258 367 383 382 391 343 206 100 272 0 274 328 354 178 378 164 156 
91 218 437 85 204 199 249 230 107 210 230 170 274 0 148 163 139 170 130 224 
216 191 398 232 56 58 101 83 241 343 327 317 328 148 0 26 263 306 167 205 
237 216 420 247 45 37 95 69 248 363 352 332 354 163 26 0 284 313 193 230 
49 222 404 86 317 320 353 344 171 81 101 101 178 139 263 284 0 200 133 219 
185 378 587 124 358 346 407 382 66 210 295 125 378 170 306 313 200 0 282 381 
107 97 308 161 212 224 237 238 227 211 166 224 164 130 167 193 133 282 0 99 
203 15 213 260 230 250 235 249 326 288 211 316 156 224 205 230 219 381 99 0 
