0 217 126 82 290 253 60 203 277 251 186 334 192 
217 0 172 299 423 454 198 401 171 462 367 141 403 
126 172 0 189 252 298 69 245 158 363 312 243 306 
82 299 189 0 272 187 122 145 346 174 145 414 117 
290 423 252 272 0 180 254 164 342 370 409 464 341 
253 454 298 187 180 0 256 53 440 205 284 541 194 
60 198 69 122 254 256 0 203 224 296 245 297 239 
203 401 245 145 164 53 203 0 389 206 260 488 180 
277 171 158 346 342 440 224 389 0 520 461 127 463 
251 462 363 174 370 205 296 206 520 0 132 586 59 
186 367 312 145 409 284 245 260 461 132 0 502 96 
334 141 243 414 464 541 297 488 127 586 502 0 526 
192 403 306 117 341 194 239 180 463 59 96 526 0 
