0 221 145 210 77 308 81 38 409 151 264 95 412 224 
221 0 114 431 171 232 299 259 370 332 317 300 337 123 
145 114 0 342 137 181 224 180 306 287 213 238 291 81 
210 431 342 0 275 466 138 173 526 184 352 156 551 412 
77 171 137 275 0 318 137 107 436 162 312 131 427 215 
308 232 181 466 318 0 379 337 138 458 164 402 110 113 
81 299 224 138 137 379 0 44 468 100 308 38 478 302 
38 259 180 173 107 337 44 0 431 129 276 67 437 258 
409 370 306 526 436 138 468 431 0 559 175 498 64 248 
151 332 287 184 162 458 100 129 559 0 405 63 562 368 
264 317 213 352 312 164 308 276 175 405 0 342 209 205 
95 300 238 156 131 402 38 67 498 63 342 0 504 318 
412 337 291 551 427 110 478 437 64 562 209 504 0 222 
224 123 81 412 215 113 302 258 248 368 205 318 222 0 
