0 114 130 343 415 290 284 203 102 120 416 134 
114 0 243 379 394 317 359 317 25 232 482 228 
130 243 0 368 490 333 262 80 228 17 394 126 
343 379 368 0 196 65 141 364 392 376 146 242 
415 394 490 196 0 178 326 513 416 493 333 370 
290 317 333 65 178 0 152 343 331 339 202 207 
284 359 262 141 326 152 0 238 363 274 135 153 
203 317 80 364 513 343 238 0 304 96 360 145 
102 25 228 392 416 331 363 304 0 215 489 226 
120 232 17 376 493 339 274 96 215 0 407 134 
416 482 394 146 333 202 135 360 489 407 0 288 
134 228 126 242 370 207 153 145 226 134 288 0 
