0 262 280 422 178 354 229 407 189 292 92 
262 0 468 259 243 182 34 236 308 90 352 
280 468 0 481 233 450 445 479 166 444 265 
422 259 481 0 278 79 278 23 331 170 507 
178 243 233 278 0 228 225 269 67 211 245 
354 182 450 79 228 0 199 58 289 92 442 
229 34 445 278 225 199 0 256 288 108 319 
407 236 479 23 269 58 256 0 324 148 493 
189 308 166 331 67 289 288 324 0 278 231 
292 90 444 170 211 92 108 148 278 0 383 
92 352 265 507 245 442 319 493 231 383 0 
