0 152 343 331 339 202 207 81 285 206 52 323 236 138 196 358 177 
152 0 238 363 274 135 153 174 385 242 104 211 84 189 51 395 162 
343 238 0 304 96 360 145 305 423 254 293 30 210 264 192 331 398 
331 363 304 0 215 489 226 250 169 128 317 314 408 196 358 31 491 
339 274 96 215 0 407 134 282 353 195 296 115 273 229 239 240 435 
202 135 360 489 407 0 288 265 481 363 183 331 157 301 170 520 59 
207 153 145 226 134 288 0 160 299 128 163 134 183 120 134 257 307 
81 174 305 250 282 265 160 0 217 126 82 290 253 60 203 277 251 
285 385 423 169 353 481 299 217 0 172 299 423 454 198 401 171 462 
206 242 254 128 195 363 128 126 172 0 189 252 298 69 245 158 363 
52 104 293 317 296 183 163 82 299 189 0 272 187 122 145 346 174 
323 211 30 314 115 331 134 290 423 252 272 0 180 254 164 342 370 
236 84 210 408 273 157 183 253 454 298 187 180 0 256 53 440 205 
138 189 264 196 229 301 120 60 198 69 122 254 256 0 203 224 296 
196 51 192 358 239 170 134 203 401 245 145 164 53 203 0 389 206 
358 395 331 31 240 520 257 277 171 158 346 342 440 224 389 0 520 
177 162 398 491 435 59 307 251 462 363 174 370 205 296 206 520 0 
